250.947052 -367.741089
251.038742 -367.741211
251.130432 -367.741272
251.222092 -367.741302
251.313782 -367.741241
251.405441 -367.741119
251.497131 -367.740936
251.588821 -367.740723
251.680496 -367.740417
251.772171 -367.740051
251.863846 -367.739594
251.955521 -367.739136
252.047195 -367.738586
252.138885 -367.737976
252.230545 -367.737274
252.322220 -367.736511
252.413895 -367.735748
252.505585 -367.734863
252.597244 -367.733948
252.688934 -367.732941
252.780594 -367.731903
252.872269 -367.730774
252.963928 -367.729614
253.055618 -367.728363
253.147278 -367.727051
253.238953 -367.725708
253.330612 -367.724274
253.422287 -367.722809
253.513947 -367.721252
253.605621 -367.719604
253.697266 -367.717987
253.788925 -367.716217
253.880600 -367.714417
253.972260 -367.712555
254.063904 -367.710663
254.155563 -367.708649
254.247223 -367.706604
254.338882 -367.704498
254.430542 -367.702332
254.522186 -367.700104
254.613831 -367.697784
254.705490 -367.695435
254.797134 -367.693054
254.888779 -367.690521
254.980408 -367.687988
255.072067 -367.685394
255.163696 -367.682709
255.255341 -367.679993
255.346970 -367.677185
255.438614 -367.674347
255.530243 -367.671387
255.621872 -367.668427
255.713501 -367.665405
255.805130 -367.662262
255.896759 -367.659149
255.988342 -367.655884
256.079987 -367.652557
256.171600 -367.649231
256.263214 -367.645813
256.354858 -367.642334
256.446442 -367.638824
256.538025 -367.635162
256.629669 -367.631531
256.721252 -367.627777
256.812866 -367.623993
256.904480 -367.620148
256.996033 -367.616241
257.087646 -367.612274
257.179230 -367.608215
257.270813 -367.604126
257.362396 -367.599945
257.454010 -367.595734
257.545563 -367.591431
257.637115 -367.587128
257.728699 -367.582703
257.820251 -367.578247
257.911865 -367.573669
258.003418 -367.569061
258.094971 -367.564392
258.186523 -367.559692
258.278076 -367.554871
258.369598 -367.550079
258.461182 -367.545166
258.552704 -367.540161
258.644257 -367.535126
258.735779 -367.530060
258.827332 -367.524902
258.918854 -367.519653
259.010376 -367.514374
259.101898 -367.509003
259.193420 -367.503632
259.284973 -367.498169
259.376434 -367.492584
259.467957 -367.487030
259.559448 -367.481354
259.650970 -367.475647
259.742462 -367.469910
259.833923 -367.464050
259.925415 -367.458160
260.016937 -367.452148
260.108398 -367.446136
260.199890 -367.440063
260.291351 -367.433899
260.382812 -367.427673
260.474274 -367.421417
260.565735 -367.415039
260.657196 -367.408691
260.748657 -367.402161
260.840088 -367.395660
260.931519 -367.389069
261.022980 -367.382416
261.114410 -367.375732
261.205841 -367.368927
261.297241 -367.362122
261.388672 -367.355194
261.480072 -367.348236
261.571503 -367.341217
261.662903 -367.334137
261.754272 -367.326965
261.845703 -367.319763
261.937073 -367.312500
262.028473 -367.305176
262.119873 -367.297760
262.211243 -367.290314
262.302582 -367.282806
262.393982 -367.275208
262.485291 -367.267578
262.576660 -367.259888
262.668030 -367.252106
262.759338 -367.244263
262.850677 -367.236389
262.942017 -367.228455
263.033356 -367.220428
263.124695 -367.212341
263.216003 -367.204193
263.307281 -367.195984
263.398621 -367.187714
263.489899 -367.179413
263.581207 -367.171051
263.672485 -367.162598
263.763794 -367.154053
263.855042 -367.145447
263.946289 -367.136841
264.037598 -367.128143
264.128845 -367.119385
264.220123 -367.110535
264.311340 -367.101685
264.402588 -367.092743
264.493805 -367.083740
264.585083 -367.074646
264.676270 -367.065521
264.767517 -367.056305
264.858704 -367.047089
264.949921 -367.037750
265.041107 -367.028381
265.132324 -367.018951
265.223480 -367.009430
265.314667 -366.999847
265.405823 -366.990234
265.497009 -366.980530
265.588135 -366.970795
265.679321 -366.960968
265.770447 -366.951111
265.861603 -366.941162
265.952698 -366.931122
266.043823 -366.921112
266.134949 -366.910980
266.226074 -366.900787
266.317200 -366.890533
266.408264 -366.880219
266.499390 -366.869873
266.590424 -366.859436
266.681519 -366.848938
266.772583 -366.838348
266.863647 -366.827759
266.954712 -366.817108
267.045776 -366.806366
267.136780 -366.795532
267.227844 -366.784668
267.318848 -366.773743
267.409851 -366.762787
267.500885 -366.751678
267.591888 -366.740601
267.682861 -366.729431
267.773865 -366.718170
267.864838 -366.706879
267.955811 -366.695526
268.046783 -366.684082
268.137756 -366.672607
268.228699 -366.661072
268.319611 -366.649475
268.410553 -366.637787
268.501465 -366.626068
268.592407 -366.614258
268.683319 -366.602417
268.774231 -366.590485
268.865112 -366.578491
268.955963 -366.566467
269.046844 -366.554413
269.137726 -366.542206
269.228577 -366.529968
269.319427 -366.517731
269.410278 -366.505371
269.501099 -366.492950
269.591949 -366.480469
269.682770 -366.467926
269.773529 -366.455353
269.864380 -366.442719
269.955170 -366.429962
270.045959 -366.417175
270.136719 -366.404358
270.227509 -366.391449
270.318237 -366.378479
270.408997 -366.365448
270.499725 -366.352386
270.590454 -366.339264
270.681183 -366.326019
270.771912 -366.312744
270.862610 -366.299377
270.953308 -366.286041
271.044006 -366.272522
271.134674 -366.259033
271.225311 -366.245453
271.316010 -366.231812
271.406647 -366.218079
271.497253 -366.204315
271.587921 -366.190521
271.678528 -366.176636
271.769135 -366.162689
271.859741 -366.148651
271.950348 -366.134583
272.040924 -366.120453
272.131470 -366.106232
272.222046 -366.092010
272.312592 -366.077667
272.403137 -366.063293
272.493683 -366.048859
272.584198 -366.034332
272.674713 -366.019775
272.765228 -366.005127
272.855682 -365.990479
272.946167 -365.975677
273.036652 -365.960907
273.127136 -365.946045
273.217590 -365.931091
273.308044 -365.916107
273.398438 -365.901062
273.488861 -365.885956
273.579285 -365.870728
273.669678 -365.855499
273.760101 -365.840210
273.850464 -365.824860
273.940826 -365.809387
274.031189 -365.793915
274.121521 -365.778351
274.211884 -365.762726
274.302216 -365.747101
274.392517 -365.731354
274.482849 -365.715546
274.573151 -365.699707
274.663422 -365.683746
274.753693 -365.667816
274.843964 -365.651764
274.934235 -365.635651
275.024475 -365.619507
275.114685 -365.603271
275.204926 -365.587006
275.295135 -365.570679
275.385345 -365.554230
275.475525 -365.537781
275.565674 -365.521271
275.655884 -365.504669
275.746002 -365.488007
275.836151 -365.471313
275.926300 -365.454498
276.016418 -365.437683
276.106506 -365.420776
276.196625 -365.403809
276.286682 -365.386810
276.376770 -365.369720
276.466827 -365.352570
276.556854 -365.335388
276.646912 -365.318085
276.736938 -365.300812
276.826965 -365.283417
276.916962 -365.265961
277.006927 -365.248413
277.096924 -365.230835
277.186920 -365.213226
277.276855 -365.195526
277.366821 -365.177795
277.456726 -365.159973
277.546661 -365.142120
277.636536 -365.124146
277.726471 -365.106171
277.816345 -365.088135
277.906189 -365.069977
277.996063 -365.051819
278.085907 -365.033569
278.175720 -365.015259
278.265533 -364.996887
278.355347 -364.978516
278.445160 -364.959991
278.534943 -364.941437
278.624725 -364.922821
278.714478 -364.904175
278.804199 -364.885437
278.893951 -364.866638
278.983673 -364.847778
279.073364 -364.828857
279.163055 -364.809906
279.252747 -364.790863
279.342407 -364.771820
279.432068 -364.752625
279.521698 -364.733398
279.611328 -364.714142
279.700958 -364.694794
279.790558 -364.675385
279.880157 -364.655914
279.969727 -364.636414
280.059265 -364.616821
280.148804 -364.597198
280.238342 -364.577484
280.327881 -364.557709
280.417389 -364.537903
280.506866 -364.518005
280.596375 -364.498047
280.685822 -364.478027
280.775299 -364.457977
280.864746 -364.437836
280.954163 -364.417633
281.043579 -364.397400
281.132965 -364.377075
281.222351 -364.356720
281.311737 -364.336304
281.401093 -364.315826
281.490448 -364.295197
281.579742 -364.274628
281.669098 -364.253967
281.758423 -364.233215
281.847687 -364.212402
281.936951 -364.191559
282.026215 -364.170624
282.115448 -364.149628
282.204681 -364.128601
282.293915 -364.107513
282.383118 -364.086334
282.472290 -364.065125
282.561493 -364.043854
282.650635 -364.022491
282.739807 -364.001099
282.828888 -363.979645
282.918030 -363.958099
283.007111 -363.936523
283.096222 -363.914886
283.185272 -363.893158
283.274323 -363.871429
283.363403 -363.849579
283.452423 -363.827698
283.541412 -363.805725
283.630432 -363.783722
283.719421 -363.761688
283.808380 -363.739563
283.897339 -363.717377
283.986267 -363.695068
284.075195 -363.672791
284.164093 -363.650421
284.252991 -363.628021
284.341858 -363.605530
284.430725 -363.582947
284.519562 -363.560364
284.608398 -363.537659
284.697205 -363.514923
284.786011 -363.492126
284.874786 -363.469269
284.963562 -363.446381
285.052307 -363.423340
285.141052 -363.400360
285.229797 -363.377258
285.318451 -363.354095
285.407166 -363.330872
285.495850 -363.307587
285.584503 -363.284271
285.673157 -363.260864
285.761780 -363.237427
285.850372 -363.213928
285.938995 -363.190308
286.027588 -363.166718
286.116119 -363.142975
286.204681 -363.119263
286.293182 -363.095398
286.381714 -363.071533
286.470215 -363.047638
286.558685 -363.023621
286.647156 -362.999573
286.735626 -362.975433
286.824066 -362.951294
286.912476 -362.927002
287.000854 -362.902710
287.089264 -362.878357
287.177612 -362.853912
287.265961 -362.829437
287.354279 -362.804901
287.442627 -362.780334
287.530914 -362.755646
287.619171 -362.730957
287.707458 -362.706177
287.795685 -362.681335
287.883942 -362.656433
287.972168 -362.631470
288.060333 -362.606476
288.148529 -362.581360
288.236664 -362.556213
288.324829 -362.531036
288.412994 -362.505798
288.501099 -362.480469
288.589203 -362.455109
288.677246 -362.429657
288.765320 -362.404175
288.853363 -362.378601
288.941406 -362.352997
289.029419 -362.327301
289.117401 -362.301575
289.205383 -362.275787
289.293335 -362.249939
289.381287 -362.224030
289.469208 -362.198059
289.557068 -362.171967
289.645020 -362.145874
289.732849 -362.119720
289.820679 -362.093536
289.908569 -362.067261
289.996338 -362.040894
290.084137 -362.014526
290.171936 -361.988068
290.259705 -361.961578
290.347443 -361.934998
290.435150 -361.908356
290.522888 -361.881683
290.610535 -361.854919
290.698242 -361.828125
290.785889 -361.801239
290.873535 -361.774292
290.961121 -361.747314
291.048737 -361.720276
291.136292 -361.693146
291.223846 -361.665985
291.311401 -361.638763
291.398926 -361.611481
291.486450 -361.584137
291.573914 -361.556732
291.661407 -361.529266
291.748840 -361.501709
291.836243 -361.474152
291.923676 -361.446472
292.011078 -361.418793
292.098450 -361.391022
292.185791 -361.363220
292.273132 -361.335388
292.360474 -361.307404
292.447754 -361.279388
292.535065 -361.251343
292.622314 -361.223236
292.709534 -361.195068
292.796753 -361.166840
292.883942 -361.138519
292.971130 -361.110168
293.058319 -361.081757
293.145477 -361.053284
293.232605 -361.024750
293.319702 -360.996155
293.406799 -360.967499
293.493866 -360.938812
293.580902 -360.910034
293.667938 -360.881195
293.754913 -360.852295
293.841919 -360.823364
293.928864 -360.794403
294.015839 -360.765289
294.102753 -360.736176
294.189667 -360.706970
294.276581 -360.677795
294.363434 -360.648468
294.450287 -360.619080
294.537109 -360.589691
294.623932 -360.560211
294.710693 -360.530670
294.797485 -360.501068
294.884216 -360.471405
294.970978 -360.441681
295.057678 -360.411926
295.144348 -360.382111
295.231049 -360.352203
295.317688 -360.322266
295.404297 -360.292236
295.490936 -360.262177
295.577515 -360.232025
295.664093 -360.201874
295.750610 -360.171661
295.837158 -360.141296
295.923676 -360.110962
296.010162 -360.080536
296.096588 -360.050049
296.183044 -360.019531
296.269470 -359.988953
296.355865 -359.958282
296.442261 -359.927551
296.528595 -359.896790
296.614960 -359.865936
296.701263 -359.835083
296.787567 -359.804138
296.873871 -359.773102
296.960114 -359.742065
297.046326 -359.710968
297.132538 -359.679779
297.218719 -359.648499
297.304901 -359.617249
297.391052 -359.585876
297.477173 -359.554443
297.563293 -359.522980
297.649353 -359.491455
297.735413 -359.459839
297.821472 -359.428192
297.907501 -359.396484
297.993500 -359.364716
298.079468 -359.332916
298.165436 -359.301025
298.251373 -359.269073
298.337280 -359.237061
298.423157 -359.204987
298.509033 -359.172882
298.594879 -359.140717
298.680695 -359.108459
298.766510 -359.076202
298.852295 -359.043854
298.938019 -359.011475
299.023804 -358.978973
299.109497 -358.946442
299.195190 -358.913879
299.280853 -358.881226
299.366516 -358.848511
299.452118 -358.815765
299.537750 -358.782959
299.623352 -358.750092
299.708893 -358.717163
299.794434 -358.684174
299.879944 -358.651093
299.965424 -358.617981
300.050903 -358.584839
300.136353 -358.551605
300.221741 -358.518341
300.307190 -358.484985
300.392548 -358.451599
300.477905 -358.418152
300.563263 -358.384613
300.648560 -358.351074
300.733826 -358.317413
300.819122 -358.283752
300.904327 -358.250000
300.989563 -358.216187
301.074768 -358.182343
301.159943 -358.148438
301.245087 -358.114441
301.330231 -358.080414
301.415314 -358.046326
301.500427 -358.012207
301.585480 -357.977966
301.670471 -357.943695
301.755524 -357.909393
301.840485 -357.874969
301.925476 -357.840576
302.010376 -357.806030
302.095306 -357.771515
302.180206 -357.736877
302.265076 -357.702240
302.349945 -357.667511
302.434784 -357.632721
302.519562 -357.597900
302.604309 -357.562988
302.689087 -357.528015
302.773804 -357.493042
302.858521 -357.457947
302.943176 -357.422821
303.027863 -357.387604
303.112488 -357.352386
303.197083 -357.317078
303.281677 -357.281708
303.366241 -357.246338
303.450775 -357.210846
303.535309 -357.175323
303.619781 -357.139709
303.704254 -357.104095
303.788666 -357.068359
303.873108 -357.032593
303.957520 -356.996765
304.041840 -356.960876
304.126190 -356.924957
304.210541 -356.888977
304.294800 -356.852936
304.379089 -356.816833
304.463348 -356.780640
304.547546 -356.744446
304.631744 -356.708160
304.715912 -356.671814
304.800079 -356.635437
304.884186 -356.598999
304.968292 -356.562469
305.052368 -356.525940
305.136414 -356.489288
305.220428 -356.452637
305.304413 -356.415863
305.388428 -356.379120
305.472351 -356.342224
305.556274 -356.305359
305.640167 -356.268372
305.724060 -356.231384
305.807861 -356.194305
305.891693 -356.157166
305.975494 -356.119995
306.059265 -356.082703
306.143036 -356.045410
306.226746 -356.008057
306.310425 -355.970642
306.394104 -355.933167
306.477753 -355.895630
306.561371 -355.858032
306.644958 -355.820374
306.728546 -355.782684
306.812073 -355.744965
306.895599 -355.707153
306.979065 -355.669250
307.062531 -355.631317
307.145996 -355.593323
307.229370 -355.555328
307.312805 -355.517212
307.396149 -355.479034
307.479492 -355.440826
307.562775 -355.402557
307.646057 -355.364227
307.729340 -355.325867
307.812561 -355.287415
307.895782 -355.248932
307.978943 -355.210388
308.062103 -355.171783
308.145233 -355.133118
308.228302 -355.094391
308.311401 -355.055634
308.394440 -355.016785
308.477478 -354.977905
308.560486 -354.938965
308.643433 -354.899994
308.726379 -354.860901
308.809296 -354.821777
308.892181 -354.782593
308.975037 -354.743378
309.057892 -354.704102
309.140686 -354.664734
309.223480 -354.625366
309.306213 -354.585876
309.388947 -354.546387
309.471680 -354.506836
309.554352 -354.467194
309.636993 -354.427521
309.719604 -354.387817
309.802216 -354.348022
309.884766 -354.308197
309.967316 -354.268280
310.049805 -354.228271
310.132294 -354.188263
310.214752 -354.148224
310.297180 -354.108093
310.379578 -354.067902
310.461945 -354.027679
310.544312 -353.987366
310.626617 -353.947021
310.708923 -353.906647
310.791199 -353.866180
310.873474 -353.825684
310.955658 -353.785065
311.037842 -353.744446
311.119995 -353.703766
311.202087 -353.662994
311.284241 -353.622192
311.366302 -353.581360
311.448334 -353.540466
311.530334 -353.499512
311.612366 -353.458496
311.694305 -353.417389
311.776245 -353.376282
311.858154 -353.335083
311.940033 -353.293854
312.021912 -353.252563
312.103699 -353.211212
312.185516 -353.169800
312.267242 -353.128326
312.349030 -353.086823
312.430695 -353.045258
312.512390 -353.003601
312.594025 -352.961945
312.675659 -352.920197
312.757263 -352.878387
312.838806 -352.836517
312.920380 -352.794617
313.001892 -352.752625
313.083374 -352.710632
313.164795 -352.668549
313.246246 -352.626434
313.327637 -352.584229
313.408997 -352.541992
313.490356 -352.499695
313.571655 -352.457367
313.652954 -352.414948
313.734192 -352.372467
313.815399 -352.329956
313.896606 -352.287415
313.977783 -352.244751
314.058929 -352.202087
314.140015 -352.159363
314.221100 -352.116547
314.302155 -352.073700
314.383148 -352.030823
314.464142 -351.987823
314.545105 -351.944855
314.626068 -351.901764
314.706940 -351.858643
314.787842 -351.815491
314.868652 -351.772247
314.949493 -351.728943
315.030273 -351.685608
315.111053 -351.642212
315.191742 -351.598785
315.272461 -351.555237
315.353149 -351.511719
315.433746 -351.468079
315.514404 -351.424408
315.594971 -351.380676
315.675507 -351.336884
315.756012 -351.293091
315.836548 -351.249176
315.916992 -351.205231
315.997406 -351.161255
316.077820 -351.117188
316.158173 -351.073090
316.238525 -351.028931
316.318817 -350.984711
316.399109 -350.940430
316.479370 -350.896118
316.559601 -350.851715
316.639771 -350.807281
316.719940 -350.762787
316.800079 -350.718262
316.880157 -350.673645
316.960236 -350.628998
317.040253 -350.584290
317.120270 -350.539520
317.200226 -350.494690
317.280182 -350.449829
317.360107 -350.404907
317.440002 -350.359955
317.519867 -350.314911
317.599701 -350.269806
317.679474 -350.224670
317.759247 -350.179474
317.838959 -350.134247
317.918701 -350.088928
317.998352 -350.043610
318.078003 -349.998138
318.157593 -349.952698
318.237183 -349.907166
318.316711 -349.861603
318.396240 -349.815948
318.475739 -349.770325
318.555206 -349.724579
318.634613 -349.678772
318.714020 -349.632935
318.793365 -349.587036
318.872711 -349.541077
318.951996 -349.495056
319.031250 -349.449005
319.110504 -349.402893
319.189697 -349.356720
319.268860 -349.310516
319.348022 -349.264252
319.427124 -349.217896
319.506226 -349.171539
319.585236 -349.125061
319.664246 -349.078583
319.743286 -349.032043
319.822235 -348.985443
319.901123 -348.938782
319.980042 -348.892059
320.058899 -348.845367
320.137726 -348.798523
320.216492 -348.751648
320.295288 -348.704712
320.374023 -348.657745
320.452667 -348.610718
320.531342 -348.563660
320.610016 -348.516510
320.688599 -348.469299
320.767151 -348.422089
320.845703 -348.374817
320.924225 -348.327484
321.002686 -348.280060
321.081116 -348.232605
321.159546 -348.185089
321.237915 -348.137543
321.316254 -348.089935
321.394592 -348.042267
321.472870 -347.994537
321.551117 -347.946777
321.629333 -347.898956
321.707520 -347.851074
321.785675 -347.803131
321.863800 -347.755157
321.941895 -347.707123
322.019897 -347.659027
322.097931 -347.610870
322.175903 -347.562714
322.253906 -347.514435
322.331787 -347.466156
322.409698 -347.417755
322.487518 -347.369354
322.565369 -347.320892
322.643158 -347.272400
322.720947 -347.223816
322.798645 -347.175201
322.876343 -347.126526
322.953979 -347.077820
323.031647 -347.029022
323.109222 -346.980194
323.186768 -346.931305
323.264282 -346.882385
323.341797 -346.833405
323.419250 -346.784332
323.496674 -346.735229
323.574066 -346.686127
323.651428 -346.636902
323.728729 -346.587646
323.806030 -346.538361
323.883301 -346.488983
323.960510 -346.439575
324.037720 -346.390137
324.114868 -346.340607
324.192017 -346.291016
324.269104 -346.241455
324.346161 -346.191742
324.423157 -346.142029
324.500183 -346.092224
324.577087 -346.042419
324.654053 -345.992523
324.730927 -345.942627
324.807770 -345.892639
324.884583 -345.842621
324.961395 -345.792480
325.038116 -345.742371
325.114838 -345.692139
325.191528 -345.641907
325.268188 -345.591614
325.344788 -345.541290
325.421387 -345.490875
325.497925 -345.440399
325.574432 -345.389923
325.650909 -345.339355
325.727356 -345.288757
325.803772 -345.238068
325.880157 -345.187378
325.956482 -345.136627
326.032806 -345.085815
326.109070 -345.034912
326.185303 -344.983978
326.261505 -344.933044
326.337646 -344.882019
326.413788 -344.830902
326.489899 -344.779816
326.565948 -344.728638
326.641998 -344.677399
326.717987 -344.626068
326.793915 -344.574768
326.869843 -344.523407
326.945740 -344.471924
327.021606 -344.420441
327.097412 -344.368927
327.173218 -344.317322
327.248962 -344.265686
327.324646 -344.213989
327.400330 -344.162262
327.475983 -344.110474
327.551605 -344.058594
327.627136 -344.006683
327.702698 -343.954742
327.778198 -343.902740
327.853668 -343.850677
327.929108 -343.798584
328.004517 -343.746399
328.079895 -343.694183
328.155212 -343.641968
328.230499 -343.589630
328.305756 -343.537323
328.380951 -343.484863
328.456146 -343.432404
328.531281 -343.379883
328.606384 -343.327332
328.681458 -343.274689
328.756531 -343.222046
328.831512 -343.169312
328.906464 -343.116547
328.981384 -343.063751
329.056335 -343.010864
329.131165 -342.957916
329.206024 -342.904968
329.280792 -342.851959
329.355530 -342.798859
329.430267 -342.745728
329.504944 -342.692535
329.579559 -342.639343
329.654205 -342.586029
329.728729 -342.532715
329.803284 -342.479340
329.877808 -342.425934
329.952271 -342.372437
330.026672 -342.318909
330.101074 -342.265350
330.175415 -342.211700
330.249786 -342.158020
330.324036 -342.104279
330.398254 -342.050476
330.472473 -341.996674
330.546661 -341.942780
330.620789 -341.888824
330.694885 -341.834839
330.768951 -341.780823
330.842987 -341.726715
330.916992 -341.672607
330.990906 -341.618408
331.064819 -341.564148
331.138702 -341.509918
331.212524 -341.455566
331.286346 -341.401184
331.360138 -341.346710
331.433838 -341.292236
331.507538 -341.237701
331.581207 -341.183105
331.654846 -341.128510
331.728394 -341.073792
331.801941 -341.019073
331.875458 -340.964264
331.948944 -340.909424
332.022339 -340.854523
332.095764 -340.799622
332.169128 -340.744659
332.242401 -340.689575
332.315704 -340.634521
332.388977 -340.579376
332.462158 -340.524170
332.535339 -340.468933
332.608459 -340.413666
332.681549 -340.358307
332.754639 -340.302917
332.827667 -340.247498
332.900635 -340.192017
332.973572 -340.136505
333.046478 -340.080902
333.119354 -340.025269
333.192169 -339.969574
333.264984 -339.913879
333.337708 -339.858063
333.410461 -339.802277
333.483124 -339.746368
333.555756 -339.690430
333.628387 -339.634460
333.700958 -339.578430
333.773468 -339.522369
333.845947 -339.466248
333.918396 -339.410065
333.990814 -339.353821
334.063202 -339.297577
334.135529 -339.241241
334.207855 -339.184845
334.280121 -339.128448
334.352325 -339.071960
334.424500 -339.015442
334.496674 -338.958862
334.568756 -338.902252
334.640839 -338.845612
334.712860 -338.788910
334.784851 -338.732117
334.856812 -338.675293
334.928680 -338.618469
335.000580 -338.561554
335.072418 -338.504578
335.144226 -338.447601
335.215973 -338.390503
335.287689 -338.333405
335.359375 -338.276245
335.431030 -338.219055
335.502655 -338.161804
335.574219 -338.104492
335.645721 -338.047150
335.717224 -337.989746
335.788666 -337.932312
335.860077 -337.874817
335.931427 -337.817261
336.002777 -337.759644
336.074066 -337.702026
336.145325 -337.644318
336.216522 -337.586639
336.287720 -337.528839
336.358856 -337.470978
336.429962 -337.413116
336.501007 -337.355164
336.572021 -337.297180
336.643005 -337.239166
336.713898 -337.181091
336.784821 -337.123016
336.855682 -337.064789
336.926514 -337.006561
336.997284 -336.948334
337.067993 -336.889984
337.138733 -336.831635
337.209381 -336.773224
337.280029 -336.714752
337.350586 -336.656250
337.421143 -336.597717
337.491638 -336.539093
337.562103 -336.480469
337.632538 -336.421753
337.702911 -336.362976
337.773254 -336.304199
337.843567 -336.245361
337.913818 -336.186462
337.984039 -336.127533
338.054230 -336.068573
338.124359 -336.009521
338.194458 -335.950439
338.264526 -335.891296
338.334534 -335.832123
338.404541 -335.772919
338.474457 -335.713623
338.544403 -335.654327
338.614227 -335.594940
338.684052 -335.535553
338.753876 -335.476105
338.823578 -335.416565
338.893280 -335.357025
338.962921 -335.297424
339.032562 -335.237793
339.102142 -335.178070
339.171692 -335.118317
339.241180 -335.058533
339.310638 -334.998688
339.380066 -334.938812
339.449432 -334.878876
339.518768 -334.818909
339.588043 -334.758850
339.657288 -334.698792
339.726501 -334.638672
339.795654 -334.578522
339.864807 -334.518280
339.933929 -334.458008
340.002960 -334.397705
340.071960 -334.337372
340.140930 -334.276947
340.209839 -334.216492
340.278748 -334.156006
340.347565 -334.095459
340.416382 -334.034851
340.485138 -333.974213
340.553833 -333.913544
340.622559 -333.852783
340.691193 -333.792023
340.759766 -333.731232
340.828308 -333.670349
340.896851 -333.609406
340.965302 -333.548462
341.033722 -333.487427
341.102142 -333.426392
341.170471 -333.365295
341.238770 -333.304169
341.307037 -333.242950
341.375275 -333.181702
341.443451 -333.120392
341.511597 -333.059082
341.579681 -332.997681
341.647766 -332.936249
341.715759 -332.874817
341.783752 -332.813293
341.851654 -332.751709
341.919556 -332.690094
341.987396 -332.628418
342.055206 -332.566742
342.122986 -332.505005
342.190674 -332.443176
342.258362 -332.381348
342.326019 -332.319489
342.393616 -332.257507
342.461121 -332.195557
342.528656 -332.133545
342.596161 -332.071442
342.663544 -332.009338
342.730927 -331.947174
342.798279 -331.884949
342.865601 -331.822723
342.932831 -331.760406
343.000061 -331.698059
343.067230 -331.635681
343.134338 -331.573212
343.201447 -331.510742
343.268494 -331.448212
343.335480 -331.385651
343.402466 -331.323029
343.469391 -331.260376
343.536255 -331.197632
343.603058 -331.134888
343.669861 -331.072113
343.736633 -331.009216
343.803345 -330.946320
343.869965 -330.883423
343.936646 -330.820435
344.003174 -330.757385
344.069702 -330.694305
344.136230 -330.631226
344.202637 -330.568054
344.269043 -330.504852
344.335449 -330.441559
344.401733 -330.378265
344.468018 -330.314911
344.534241 -330.251556
344.600403 -330.188141
344.666565 -330.124664
344.732697 -330.061127
344.798737 -329.997559
344.864777 -329.933929
344.930756 -329.870270
344.996674 -329.806580
345.062592 -329.742828
345.128418 -329.679016
345.194214 -329.615204
345.259949 -329.551331
345.325684 -329.487396
345.391327 -329.423431
345.457001 -329.359406
345.522552 -329.295349
345.588104 -329.231232
345.653564 -329.167084
345.719055 -329.102905
345.784454 -329.038666
345.849823 -328.974365
345.915131 -328.910034
345.980438 -328.845673
346.045654 -328.781250
346.110870 -328.716797
346.175964 -328.652313
346.241089 -328.587738
346.306152 -328.523163
346.371185 -328.458496
346.436127 -328.393860
346.501068 -328.329102
346.565948 -328.264343
346.630798 -328.199524
346.695587 -328.134644
346.760345 -328.069733
346.825043 -328.004791
346.889709 -327.939789
346.954346 -327.874817
347.018890 -327.809723
347.083405 -327.744568
347.147919 -327.679443
347.212341 -327.614197
347.276764 -327.548981
347.341095 -327.483643
347.405426 -327.418335
347.469696 -327.352936
347.533905 -327.287537
347.598083 -327.222046
347.662201 -327.156555
347.726318 -327.091003
347.790375 -327.025360
347.854340 -326.959747
347.918304 -326.894043
347.982208 -326.828308
348.046051 -326.762543
348.109894 -326.696716
348.173676 -326.630859
348.237396 -326.564941
348.301086 -326.498993
348.364716 -326.433014
348.428284 -326.366974
348.491821 -326.300873
348.555328 -326.234772
348.618805 -326.168610
348.682251 -326.102417
348.745605 -326.036163
348.808960 -325.969849
348.872223 -325.903534
348.935486 -325.837158
348.998657 -325.770752
349.061768 -325.704254
349.124878 -325.637756
349.187927 -325.571198
349.250916 -325.504608
349.313934 -325.437958
349.376831 -325.371277
349.439697 -325.304565
349.502533 -325.237823
349.565308 -325.170990
349.628052 -325.104126
349.690765 -325.037262
349.753387 -324.970306
349.815979 -324.903320
349.878540 -324.836334
349.941040 -324.769257
350.003540 -324.702148
350.065948 -324.635010
350.128296 -324.567810
350.190643 -324.500580
350.252930 -324.433289
350.315186 -324.365967
350.377319 -324.298645
350.439484 -324.231201
350.501587 -324.163788
350.563660 -324.096313
350.625641 -324.028748
350.687622 -323.961182
350.749542 -323.893585
350.811371 -323.825897
350.873230 -323.758209
350.934998 -323.690460
350.996735 -323.622711
351.058380 -323.554871
351.120056 -323.487000
351.181671 -323.419128
351.243195 -323.351166
351.304688 -323.283173
351.366150 -323.215149
351.427551 -323.147064
351.488922 -323.078949
351.550232 -323.010803
351.611481 -322.942596
351.672699 -322.874359
351.733887 -322.806091
351.795044 -322.737762
351.856110 -322.669373
351.917175 -322.600983
351.978180 -322.532532
352.039093 -322.464081
352.100006 -322.395508
352.160828 -322.326965
352.221649 -322.258362
352.282410 -322.189697
352.343140 -322.121002
352.403778 -322.052277
352.464386 -321.983490
352.524994 -321.914673
352.585510 -321.845795
352.645966 -321.776917
352.706390 -321.707947
352.766785 -321.638977
352.827118 -321.569916
352.887421 -321.500885
352.947662 -321.431793
353.007874 -321.362640
353.068024 -321.293427
353.128113 -321.224213
353.188202 -321.154938
353.248169 -321.085632
353.308167 -321.016296
353.368073 -320.946899
353.427917 -320.877441
353.487732 -320.807983
353.547485 -320.738464
353.607239 -320.668884
353.666931 -320.599304
353.726532 -320.529694
353.786102 -320.459991
353.845673 -320.390289
353.905151 -320.320557
353.964600 -320.250763
354.023987 -320.180878
354.083344 -320.111023
354.142609 -320.041107
354.201874 -319.971161
354.261078 -319.901184
354.320221 -319.831085
354.379333 -319.761017
354.438416 -319.690887
354.497437 -319.620758
354.556396 -319.550537
354.615326 -319.480316
354.674194 -319.410034
354.733032 -319.339691
354.791779 -319.269379
354.850525 -319.198944
354.909210 -319.128510
354.967804 -319.058044
355.026367 -318.987518
355.084930 -318.916962
355.143433 -318.846375
355.201874 -318.775726
355.260284 -318.705048
355.318604 -318.634308
355.376923 -318.563568
355.435150 -318.492767
355.493347 -318.421936
355.551483 -318.351074
355.609619 -318.280121
355.667633 -318.209167
355.725647 -318.138214
355.783630 -318.067169
355.841553 -317.996094
355.899414 -317.924988
355.957184 -317.853821
356.014954 -317.782623
356.072693 -317.711395
356.130341 -317.640137
356.187988 -317.568848
356.245514 -317.497467
356.303040 -317.426117
356.360565 -317.354675
356.417969 -317.283173
356.475342 -317.211670
356.532654 -317.140167
356.589966 -317.068573
356.647186 -316.996979
356.704376 -316.925323
356.761505 -316.853577
356.818573 -316.781860
356.875641 -316.710083
356.932617 -316.638275
356.989563 -316.566437
357.046448 -316.494537
357.103271 -316.422607
357.160065 -316.350647
357.216827 -316.278625
357.273529 -316.206573
357.330170 -316.134491
357.386780 -316.062378
357.443329 -315.990204
357.499817 -315.918030
357.556274 -315.845764
357.612671 -315.773499
357.669006 -315.701172
357.725342 -315.628815
357.781555 -315.556458
357.837769 -315.484009
357.893921 -315.411530
357.950043 -315.339050
358.006073 -315.266479
358.062103 -315.193909
358.118042 -315.121277
358.173981 -315.048615
358.229828 -314.975922
358.285645 -314.903198
358.341400 -314.830414
358.397095 -314.757629
358.452759 -314.684784
358.508362 -314.611877
358.563934 -314.538940
358.619446 -314.466003
358.674927 -314.393005
358.730316 -314.319977
358.785706 -314.246918
358.841003 -314.173767
358.896271 -314.100647
358.951508 -314.027435
359.006653 -313.954224
359.061768 -313.880981
359.116821 -313.807648
359.171844 -313.734314
359.226837 -313.660950
359.281738 -313.587555
359.336609 -313.514099
359.391418 -313.440613
359.446198 -313.367065
359.500885 -313.293549
359.555573 -313.219940
359.610168 -313.146301
359.664764 -313.072632
359.719238 -312.998901
359.773743 -312.925171
359.828156 -312.851410
359.882538 -312.777557
359.936798 -312.703735
359.991089 -312.629852
360.045319 -312.555908
360.099487 -312.481964
360.153595 -312.407898
360.207642 -312.333862
360.261658 -312.259796
360.315674 -312.185669
360.369568 -312.111542
360.423431 -312.037354
360.477234 -311.963104
360.531006 -311.888855
360.584717 -311.814606
360.638367 -311.740234
360.691986 -311.665894
360.745514 -311.591461
360.799042 -311.517029
360.852509 -311.442566
360.905914 -311.368011
360.959290 -311.293488
361.012573 -311.218903
361.065857 -311.144257
361.119080 -311.069611
361.172211 -310.994904
361.225342 -310.920197
361.278351 -310.845428
361.331360 -310.770599
361.384308 -310.695740
361.437225 -310.620911
361.490051 -310.545990
361.542877 -310.471039
361.595612 -310.396057
361.648315 -310.321045
361.700928 -310.246002
361.753571 -310.170898
361.806091 -310.095734
361.858551 -310.020599
361.911041 -309.945404
361.963440 -309.870148
362.015778 -309.794891
362.068024 -309.719604
362.120270 -309.644257
362.172516 -309.568878
362.224609 -309.493469
362.276703 -309.417999
362.328766 -309.342529
362.380707 -309.267059
362.432678 -309.191467
362.484528 -309.115906
362.536377 -309.040253
362.588135 -308.964600
362.639862 -308.888916
362.691559 -308.813171
362.743164 -308.737427
362.794739 -308.661621
362.846252 -308.585754
362.897705 -308.509918
362.949158 -308.434021
363.000488 -308.358093
363.051788 -308.282104
363.103088 -308.206116
363.154297 -308.130066
363.205444 -308.053955
363.256531 -307.977875
363.307617 -307.901703
363.358612 -307.825562
363.409546 -307.749298
363.460449 -307.673065
363.511292 -307.596771
363.562103 -307.520477
363.612885 -307.444122
363.663544 -307.367737
363.714172 -307.291290
363.764801 -307.214844
363.815308 -307.138336
363.865784 -307.061829
363.916229 -306.985260
363.966614 -306.908661
364.016907 -306.832062
364.067200 -306.755371
364.117432 -306.678680
364.167603 -306.601959
364.217712 -306.525208
364.267761 -306.448395
364.317810 -306.371521
364.367767 -306.294678
364.417694 -306.217773
364.467529 -306.140808
364.517334 -306.063904
364.567108 -305.986877
364.616791 -305.909821
364.666443 -305.832764
364.716034 -305.755676
364.765594 -305.678528
364.815063 -305.601379
364.864502 -305.524139
364.913879 -305.446930
364.963257 -305.369659
365.012543 -305.292328
365.061737 -305.214966
365.110962 -305.137634
365.160034 -305.060181
365.209106 -304.982758
365.258118 -304.905304
365.307129 -304.827789
365.356018 -304.750275
365.404907 -304.672699
365.453705 -304.595062
365.502472 -304.517426
365.551178 -304.439758
365.599792 -304.362061
365.648438 -304.284332
365.696960 -304.206543
365.745453 -304.128754
365.793884 -304.050934
365.842255 -303.973022
365.890594 -303.895142
365.938904 -303.817200
365.987122 -303.739258
366.035309 -303.661224
366.083435 -303.583191
366.131500 -303.505127
366.179504 -303.427032
366.227478 -303.348907
366.275360 -303.270721
366.323212 -303.192566
366.371063 -303.114319
366.418762 -303.036072
366.466492 -302.957764
366.514130 -302.879425
366.561737 -302.801086
366.609253 -302.722687
366.656738 -302.644287
366.704163 -302.565796
366.751526 -302.487305
366.798859 -302.408813
366.846130 -302.330231
366.893341 -302.251648
366.940521 -302.173035
366.987640 -302.094391
367.034698 -302.015717
367.081696 -301.937042
367.128632 -301.858276
367.175537 -301.779480
367.222382 -301.700684
367.269165 -301.621826
367.315918 -301.542969
367.362579 -301.464081
367.409210 -301.385132
367.455811 -301.306183
367.502289 -301.227173
367.548798 -301.148132
367.595184 -301.069061
367.641571 -300.989960
367.687866 -300.910889
367.734131 -300.831726
367.780334 -300.752533
367.826477 -300.673309
367.872589 -300.594086
367.918610 -300.514771
367.964569 -300.435486
368.010498 -300.356110
368.056366 -300.276733
368.102234 -300.197327
368.148010 -300.117859
368.193726 -300.038422
368.239380 -299.958954
368.284973 -299.879395
368.330536 -299.799835
368.376007 -299.720245
368.421448 -299.640625
368.466827 -299.560974
368.512177 -299.481293
368.557495 -299.401581
368.602692 -299.321808
368.647858 -299.242065
368.693024 -299.162262
368.738037 -299.082397
368.783051 -299.002533
368.828033 -298.922638
368.872925 -298.842682
368.917755 -298.762726
368.962524 -298.682739
369.007294 -298.602722
369.051941 -298.522675
369.096619 -298.442596
369.141205 -298.362488
369.185699 -298.282349
369.230194 -298.202148
369.274597 -298.122009
369.318939 -298.041748
369.363251 -297.961487
369.407501 -297.881165
369.451721 -297.800873
369.495819 -297.720490
369.539917 -297.640106
369.583923 -297.559692
369.627899 -297.479279
369.671844 -297.398804
369.715698 -297.318298
369.759521 -297.237762
369.803284 -297.157166
369.846985 -297.076599
369.890625 -296.995972
369.934235 -296.915344
369.977753 -296.834656
370.021240 -296.753937
370.064697 -296.673218
370.108032 -296.592407
370.151367 -296.511658
370.194641 -296.430817
370.237854 -296.349945
370.280975 -296.269043
370.324066 -296.188141
370.367157 -296.107208
370.410126 -296.026245
370.453064 -295.945221
370.495941 -295.864197
370.538757 -295.783112
370.581543 -295.702057
370.624268 -295.620911
370.666901 -295.539764
370.709534 -295.458588
370.752075 -295.377380
370.794556 -295.296143
370.837036 -295.214905
370.879395 -295.133575
370.921722 -295.052277
370.963989 -294.970917
371.006195 -294.889557
371.048370 -294.808167
371.090454 -294.726715
371.132507 -294.645233
371.174530 -294.563721
371.216461 -294.482208
371.258331 -294.400696
371.300171 -294.319092
371.341949 -294.237488
371.383636 -294.155853
371.425354 -294.074158
371.466949 -293.992493
371.508484 -293.910736
371.549988 -293.829041
371.591400 -293.747223
371.632812 -293.665405
371.674133 -293.583588
371.715424 -293.501740
371.756653 -293.419861
371.797791 -293.337921
371.838898 -293.255981
371.879944 -293.174011
371.920929 -293.092010
371.961914 -293.009979
372.002777 -292.927917
372.043579 -292.845825
372.084412 -292.763733
372.125092 -292.681610
372.165741 -292.599426
372.206390 -292.517242
372.246887 -292.434998
372.287384 -292.352722
372.327850 -292.270477
372.368256 -292.188171
372.408539 -292.105835
372.448822 -292.023468
372.489075 -291.941071
372.529205 -291.858673
372.569275 -291.776215
372.609344 -291.693726
372.649323 -291.611267
372.689270 -291.528748
372.729187 -291.446198
372.768982 -291.363617
372.808746 -291.281006
372.848450 -291.198364
372.888092 -291.115723
372.927704 -291.033020
372.967255 -290.950317
373.006744 -290.867584
373.046143 -290.784790
373.085571 -290.701996
373.124847 -290.619202
373.164124 -290.536346
373.203369 -290.453461
373.242432 -290.370575
373.281555 -290.287659
373.320587 -290.204712
373.359589 -290.121704
373.398529 -290.038696
373.437347 -289.955688
373.476196 -289.872620
373.514954 -289.789551
373.553619 -289.706390
373.592255 -289.623291
373.630829 -289.540131
373.669373 -289.456909
373.707855 -289.373718
373.746246 -289.290497
373.784637 -289.207184
373.822906 -289.123901
373.861176 -289.040588
373.899353 -288.957245
373.937500 -288.873871
373.975555 -288.790466
374.013580 -288.707062
374.051514 -288.623596
374.089478 -288.540100
374.127289 -288.456635
374.165070 -288.373077
374.202820 -288.289551
374.240479 -288.205963
374.278107 -288.122345
374.315674 -288.038696
374.353180 -287.955048
374.390656 -287.871399
374.428070 -287.787720
374.465363 -287.703979
374.502625 -287.620209
374.539856 -287.536438
374.577026 -287.452606
374.614166 -287.368805
374.651184 -287.284943
374.688202 -287.201019
374.725098 -287.117126
374.761993 -287.033203
374.798859 -286.949219
374.835602 -286.865265
374.872314 -286.781250
374.908966 -286.697205
374.945557 -286.613159
374.982117 -286.529083
375.018585 -286.444977
375.055023 -286.360840
375.091370 -286.276703
375.127655 -286.192505
375.163910 -286.108307
375.200134 -286.024078
375.236298 -285.939819
375.272369 -285.855560
375.308380 -285.771240
375.344330 -285.686890
375.380280 -285.602539
375.416107 -285.518158
375.451904 -285.433777
375.487610 -285.349335
375.523346 -285.264893
375.558960 -285.180389
375.594513 -285.095886
375.630005 -285.011383
375.665466 -284.926849
375.700867 -284.842285
375.736176 -284.757690
375.771454 -284.673065
375.806702 -284.588409
375.841858 -284.503754
375.876984 -284.419037
375.912018 -284.334320
375.947021 -284.249573
375.981934 -284.164856
376.016815 -284.080048
376.051605 -283.995270
376.086395 -283.910431
376.121124 -283.825562
376.155762 -283.740692
376.190338 -283.655762
376.224854 -283.570831
376.259338 -283.485901
376.293732 -283.400940
376.328094 -283.315918
376.362396 -283.230927
376.396637 -283.145844
376.430847 -283.060791
376.464966 -282.975708
376.499023 -282.890594
376.533020 -282.805481
376.566956 -282.720276
376.600861 -282.635101
376.634735 -282.549896
376.668488 -282.464691
376.702209 -282.379456
376.735870 -282.294159
376.769470 -282.208862
376.803040 -282.123505
376.836517 -282.038208
376.869934 -281.952820
376.903320 -281.867432
376.936615 -281.782013
376.969879 -281.696564
377.003113 -281.611145
377.036224 -281.525665
377.069275 -281.440155
377.102325 -281.354645
377.135284 -281.269073
377.168213 -281.183502
377.201050 -281.097931
377.233856 -281.012299
377.266602 -280.926666
377.299286 -280.841003
377.331848 -280.755341
377.364441 -280.669647
377.396912 -280.583923
377.429352 -280.498138
377.461761 -280.412384
377.494080 -280.326599
377.526337 -280.240784
377.558594 -280.154968
377.590729 -280.069092
377.622803 -279.983215
377.654846 -279.897339
377.686829 -279.811401
377.718719 -279.725464
377.750610 -279.639496
377.782379 -279.553497
377.814117 -279.467499
377.845825 -279.381470
377.877472 -279.295410
377.909027 -279.209381
377.940521 -279.123260
377.971985 -279.037140
378.003387 -278.950989
378.034698 -278.864838
378.065979 -278.778656
378.097229 -278.692474
378.128326 -278.606232
378.159424 -278.519989
378.190491 -278.433746
378.221466 -278.347473
378.252380 -278.261139
378.283264 -278.174805
378.314056 -278.088470
378.344788 -278.002106
378.375488 -277.915710
378.406128 -277.829285
378.436676 -277.742889
378.467194 -277.656433
378.497681 -277.569946
378.528076 -277.483429
378.558411 -277.396942
378.588654 -277.310394
378.618866 -277.223877
378.649048 -277.137268
378.679138 -277.050690
378.709198 -276.964081
378.739197 -276.877441
378.769104 -276.790771
378.798950 -276.704102
378.828766 -276.617371
378.858521 -276.530670
378.888214 -276.443970
378.917847 -276.357178
378.947388 -276.270386
378.976929 -276.183624
379.006378 -276.096802
379.035736 -276.009949
379.065094 -275.923065
379.094391 -275.836212
379.123627 -275.749298
379.152771 -275.662384
379.181854 -275.575470
379.210876 -275.488495
379.239899 -275.401520
379.268799 -275.314514
379.297668 -275.227509
379.326447 -275.140472
379.355225 -275.053406
379.383881 -274.966339
379.412506 -274.879242
379.441101 -274.792114
379.469604 -274.704987
379.498016 -274.617828
379.526428 -274.530670
379.554749 -274.443512
379.583038 -274.356293
379.611267 -274.269043
379.639404 -274.181793
379.667480 -274.094513
379.695557 -274.007202
379.723511 -273.919952
379.751434 -273.832611
379.779266 -273.745270
379.807068 -273.657898
379.834808 -273.570496
379.862488 -273.483124
379.890076 -273.395721
379.917664 -273.308228
379.945129 -273.220795
379.972595 -273.133331
380.000000 -273.045807
380.027313 -272.958344
380.054535 -272.870789
380.081757 -272.783264
380.108917 -272.695679
380.135986 -272.608063
380.163025 -272.520477
380.189941 -272.432831
380.216858 -272.345215
380.243744 -272.257568
380.270508 -272.169891
380.297211 -272.082153
380.323944 -271.994476
380.350494 -271.906708
380.377075 -271.818970
380.403564 -271.731232
380.429932 -271.643402
380.456329 -271.555634
380.482697 -271.467773
380.508911 -271.379944
380.535095 -271.292114
380.561249 -271.204193
380.587311 -271.116333
380.613312 -271.028442
380.639282 -270.940521
380.665161 -270.852539
380.691010 -270.764557
380.716736 -270.676605
380.742493 -270.588593
380.768097 -270.500549
380.793701 -270.412537
380.819275 -270.324493
380.844696 -270.236450
380.870087 -270.148376
380.895477 -270.060242
380.920746 -269.972107
380.945984 -269.883972
380.971161 -269.795837
380.996277 -269.707642
381.021362 -269.619446
381.046326 -269.531281
381.071259 -269.443024
381.096130 -269.354797
381.120972 -269.266541
381.145691 -269.178284
381.170380 -269.089966
381.195038 -269.001678
381.219604 -268.913330
381.244141 -268.824982
381.268585 -268.736633
381.292969 -268.648285
381.317291 -268.559875
381.341614 -268.471466
381.365784 -268.383057
381.389954 -268.294617
381.414062 -268.206177
381.438080 -268.117676
381.462036 -268.029205
381.485962 -267.940704
381.509796 -267.852173
381.533630 -267.763641
381.557312 -267.675079
381.581024 -267.586517
381.604645 -267.497925
381.628174 -267.409332
381.651642 -267.320709
381.675079 -267.232056
381.698486 -267.143433
381.721802 -267.054779
381.745056 -266.966064
381.768188 -266.877380
381.791351 -266.788666
381.814423 -266.699951
381.837402 -266.611206
381.860413 -266.522430
381.883270 -266.433655
381.906097 -266.344879
381.928864 -266.256073
381.951569 -266.167267
381.974243 -266.078400
381.996826 -265.989563
382.019348 -265.900696
382.041840 -265.811829
382.064240 -265.722900
382.086578 -265.633972
382.108887 -265.545074
382.131104 -265.456116
382.153229 -265.367157
382.175323 -265.278168
382.197388 -265.189178
382.219391 -265.100189
382.241302 -265.011169
382.263184 -264.922150
382.284973 -264.833099
382.306732 -264.744019
382.328369 -264.654938
382.350006 -264.565887
382.371582 -264.476746
382.393066 -264.387604
382.414490 -264.298523
382.435883 -264.209351
382.457214 -264.120178
382.478455 -264.031006
382.499664 -263.941803
382.520844 -263.852600
382.541870 -263.763397
382.562897 -263.674103
382.583832 -263.584869
382.604736 -263.495605
382.625580 -263.406342
382.646332 -263.317047
382.667053 -263.227753
382.687714 -263.138428
382.708282 -263.049103
382.728821 -262.959747
382.749268 -262.870392
382.769714 -262.780975
382.790039 -262.691589
382.810333 -262.602173
382.830536 -262.512726
382.850739 -262.423309
382.870819 -262.333893
382.890869 -262.244415
382.910858 -262.154938
382.930786 -262.065491
382.950623 -261.975983
382.970459 -261.886444
382.990173 -261.796936
383.009888 -261.707397
383.029480 -261.617828
383.049042 -261.528259
383.068542 -261.438660
383.088013 -261.349091
383.107330 -261.259460
383.126648 -261.169891
383.145874 -261.080231
383.165100 -260.990570
383.184235 -260.900909
383.203339 -260.811218
383.222321 -260.721558
383.241241 -260.631836
383.260162 -260.542145
383.278961 -260.452423
383.297760 -260.362671
383.316437 -260.272949
383.335114 -260.183167
383.353668 -260.093353
383.372192 -260.003601
383.390625 -259.913818
383.409058 -259.823975
383.427399 -259.734192
383.445679 -259.644318
383.463898 -259.554443
383.482025 -259.464600
383.500153 -259.374725
383.518188 -259.284821
383.536133 -259.194946
383.554047 -259.105011
383.571869 -259.015106
383.589691 -258.925171
383.607422 -258.835236
383.625092 -258.745300
383.642700 -258.655304
383.660248 -258.565338
383.677734 -258.475311
383.695190 -258.385315
383.712524 -258.295288
383.729797 -258.205261
383.747040 -258.115204
383.764221 -258.025146
383.781311 -257.935120
383.798401 -257.845001
383.815399 -257.754944
383.832306 -257.664825
383.849213 -257.574707
383.865997 -257.484589
383.882751 -257.394440
383.899475 -257.304321
383.916077 -257.214142
383.932648 -257.123993
383.949158 -257.033813
383.965607 -256.943604
383.981964 -256.853424
383.998291 -256.763153
384.014557 -256.672974
384.030731 -256.582733
384.046906 -256.492493
384.062958 -256.402222
384.078949 -256.311951
384.094910 -256.221680
384.110779 -256.131378
384.126648 -256.041107
384.142426 -255.950790
384.158142 -255.860458
384.173767 -255.770126
384.189392 -255.679779
384.204865 -255.589417
384.220337 -255.499054
384.235748 -255.408661
384.251099 -255.318268
384.266357 -255.227875
384.281586 -255.137497
384.296753 -255.047073
384.311829 -254.956650
384.326874 -254.866196
384.341858 -254.775757
384.356720 -254.685303
384.371582 -254.594818
384.386383 -254.504349
384.401123 -254.413864
384.415771 -254.323364
384.430389 -254.232864
384.444946 -254.142334
384.459381 -254.051819
384.473785 -253.961273
384.488190 -253.870728
384.502441 -253.780182
384.516693 -253.689621
384.530853 -253.599030
384.544952 -253.508438
384.559021 -253.417847
384.573029 -253.327240
384.586945 -253.236633
384.600800 -253.145996
384.614563 -253.055374
384.628357 -252.964737
384.641998 -252.874084
384.655640 -252.783417
384.669189 -252.692734
384.682678 -252.602066
384.696106 -252.511368
384.709503 -252.420670
384.722778 -252.329971
384.736053 -252.239258
384.749207 -252.148529
384.762360 -252.057785
384.775421 -251.967041
384.788452 -251.876297
384.801361 -251.785538
384.814240 -251.694763
384.827057 -251.603973
384.839813 -251.513199
384.852509 -251.422409
384.865112 -251.331604
384.877686 -251.240799
384.890228 -251.149979
384.902649 -251.059143
384.915039 -250.968307
384.927399 -250.877441
384.939636 -250.786606
384.951843 -250.695740
384.963959 -250.604858
384.976013 -250.513977
384.988037 -250.423096
385.000000 -250.332199
385.011902 -250.241302
385.023743 -250.150391
385.035492 -250.059448
385.047180 -249.968536
385.058838 -249.877609
385.070404 -249.786652
385.081909 -249.695709
385.093384 -249.604736
385.104828 -249.513779
385.116119 -249.422806
385.127441 -249.331818
385.138611 -249.240845
385.149750 -249.149811
385.160858 -249.058823
385.171875 -248.967819
385.182831 -248.876785
385.193726 -248.785751
385.204590 -248.694733
385.215363 -248.603699
385.226074 -248.512634
385.236755 -248.421585
385.247345 -248.330505
385.257874 -248.239441
385.268311 -248.148361
385.278717 -248.057266
385.289062 -247.966171
385.299347 -247.875092
385.309601 -247.783981
385.319733 -247.692871
385.329834 -247.601746
385.339874 -247.510605
385.349823 -247.419464
385.359741 -247.328339
385.369598 -247.237183
385.379364 -247.146027
385.389130 -247.054886
385.398804 -246.963699
385.408386 -246.872528
385.417969 -246.781357
385.427399 -246.690155
385.436829 -246.598984
385.446198 -246.507767
385.455505 -246.416565
385.464691 -246.325348
385.473877 -246.234131
385.482941 -246.142914
385.492035 -246.051666
385.501007 -245.960434
385.509918 -245.869202
385.518768 -245.777939
385.527557 -245.686691
385.536316 -245.595444
385.545013 -245.504181
385.553558 -245.412888
385.562134 -245.321609
385.570648 -245.230316
385.579041 -245.139038
385.587433 -245.047729
385.595734 -244.956451
385.603943 -244.865128
385.612152 -244.773819
385.620270 -244.682495
385.628326 -244.591171
385.636292 -244.499847
385.644226 -244.408508
385.652100 -244.317169
385.659912 -244.225815
385.667603 -244.134476
385.675323 -244.043121
385.682953 -243.951752
385.690491 -243.860382
385.698029 -243.769012
385.705414 -243.677643
385.712769 -243.586258
385.720123 -243.494873
385.727325 -243.403473
385.734558 -243.312088
385.741669 -243.220688
385.748718 -243.129288
385.755707 -243.037857
385.762634 -242.946442
385.769531 -242.855026
385.776337 -242.763611
385.783051 -242.672180
385.789795 -242.580734
385.796387 -242.489304
385.802948 -242.397842
385.809448 -242.306412
385.815887 -242.214966
385.822296 -242.123489
385.828583 -242.032043
385.834808 -241.940567
385.841034 -241.849106
385.847137 -241.757629
385.853241 -241.666153
385.859222 -241.574677
385.865143 -241.483200
385.871033 -241.391708
385.876862 -241.300201
385.882599 -241.208694
385.888306 -241.117218
385.893921 -241.025696
385.899475 -240.934189
385.904999 -240.842667
385.910461 -240.751160
385.915863 -240.659637
385.921143 -240.568115
385.926422 -240.476593
385.931610 -240.385056
385.936737 -240.293533
385.941803 -240.201981
385.946808 -240.110458
385.951752 -240.018906
385.956635 -239.927353
385.961487 -239.835815
385.966248 -239.744247
385.970947 -239.652695
385.975555 -239.561127
385.980133 -239.469559
385.984680 -239.378006
385.989075 -239.286423
385.993500 -239.194855
385.997833 -239.103271
386.002075 -239.011688
386.006287 -238.920105
386.010406 -238.828537
386.014496 -238.736938
386.018524 -238.645355
386.022430 -238.553757
386.026367 -238.462158
386.030151 -238.370560
386.033936 -238.278976
386.037628 -238.187347
386.041290 -238.095749
386.044861 -238.004135
386.048370 -237.912521
386.051819 -237.820923
386.055237 -237.729294
386.058533 -237.637680
386.061829 -237.546066
386.065033 -237.454437
386.068146 -237.362808
386.071228 -237.271179
386.074249 -237.179550
386.077209 -237.087921
386.080109 -236.996307
386.082947 -236.904648
386.085724 -236.813019
386.088409 -236.721390
386.091064 -236.629745
386.093628 -236.538101
386.096161 -236.446457
386.098602 -236.354813
386.100983 -236.263168
386.103333 -236.171509
386.105621 -236.079865
386.107819 -235.988220
386.109955 -235.896561
386.112061 -235.804916
386.114105 -235.713242
386.116028 -235.621597
386.117920 -235.529938
386.119751 -235.438278
386.121552 -235.346603
386.123260 -235.254959
386.124908 -235.163284
386.126465 -235.071625
386.128021 -234.979965
386.129486 -234.888290
386.130890 -234.796616
386.132233 -234.704956
386.133484 -234.613281
386.134705 -234.521622
386.135864 -234.429932
386.136932 -234.338272
386.137970 -234.246597
386.138947 -234.154938
386.139832 -234.063248
386.140656 -233.971573
386.141449 -233.879898
386.142151 -233.788223
386.142822 -233.696548
386.143372 -233.604874
386.143921 -233.513199
386.144348 -233.421509
386.144775 -233.329834
386.145142 -233.238159
386.145386 -233.146500
386.145630 -233.054810
386.145752 -232.963120
386.145874 -232.871445
386.145874 -232.779770
386.145874 -232.688095
386.145752 -232.596420
386.145599 -232.504730
386.145355 -232.413055
386.145111 -232.321365
386.144745 -232.229706
386.144348 -232.138031
386.143890 -232.046356
386.143341 -231.954666
386.142761 -231.862991
386.142090 -231.771317
386.141418 -231.679642
386.140594 -231.587982
386.139771 -231.496277
386.138855 -231.404617
386.137878 -231.307510
386.136810 -231.207520
386.135773 -231.107513
386.134735 -231.007523
386.133698 -230.907532
386.132629 -230.807541
386.131592 -230.707535
386.130554 -230.607544
386.129517 -230.507553
386.128479 -230.407562
386.127411 -230.307556
386.126373 -230.207565
386.125336 -230.107574
386.124298 -230.007584
386.123230 -229.907578
386.122192 -229.807587
386.121155 -229.707596
386.120117 -229.607605
386.119049 -229.507599
386.118011 -229.407608
386.116974 -229.307617
386.115936 -229.207626
386.114899 -229.107635
386.113831 -229.007629
386.112793 -228.907639
386.111755 -228.807648
386.110718 -228.707657
386.109650 -228.607651
386.108612 -228.507660
386.107574 -228.407669
386.106537 -228.307678
386.105469 -228.207672
386.104431 -228.107681
386.103394 -228.007690
386.102356 -227.907700
386.101288 -227.807693
386.100250 -227.707703
386.099213 -227.607712
386.098175 -227.507721
386.097137 -227.407715
386.096069 -227.307724
386.095032 -227.207733
386.093994 -227.107742
386.092957 -227.007736
386.091888 -226.907745
386.090851 -226.807755
386.089813 -226.707764
386.088776 -226.607758
386.087708 -226.507767
386.086670 -226.407776
386.085632 -226.307785
386.084595 -226.207779
386.083527 -226.107788
386.082489 -226.007797
386.081451 -225.907806
386.080414 -225.807816
386.079376 -225.707809
386.078308 -225.607819
386.077271 -225.507828
386.076233 -225.407837
386.075195 -225.307831
386.074127 -225.207840
386.073090 -225.107849
386.072052 -225.007858
386.071014 -224.907852
386.069946 -224.807861
386.068909 -224.707870
386.067871 -224.607880
386.066833 -224.507874
386.065796 -224.407883
386.064728 -224.307892
386.063690 -224.207901
386.062653 -224.107895
386.061615 -224.007904
386.060547 -223.907913
386.059509 -223.807922
386.058472 -223.707916
386.057434 -223.607925
386.056366 -223.507935
386.055328 -223.407944
386.054291 -223.307938
386.053253 -223.207947
386.052185 -223.107956
386.051147 -223.007965
386.050110 -222.907974
386.049072 -222.807968
386.048035 -222.707977
386.046967 -222.607986
386.045929 -222.507980
386.044891 -222.407990
386.043854 -222.307999
386.042786 -222.208008
386.041748 -222.108017
386.040710 -222.008011
386.039673 -221.908020
386.038605 -221.808029
386.037567 -221.708038
386.036530 -221.608032
386.035492 -221.508041
386.034454 -221.408051
386.033386 -221.308060
386.032349 -221.208054
386.031311 -221.108063
386.030273 -221.008072
386.029205 -220.908081
386.028168 -220.808075
386.027130 -220.708084
386.026093 -220.608093
386.025024 -220.508102
386.023987 -220.408096
386.022949 -220.308105
386.021912 -220.208115
386.020844 -220.108124
386.019806 -220.008118
386.018768 -219.908127
386.017731 -219.808136
386.016693 -219.708145
386.015625 -219.608139
386.014587 -219.508148
386.013550 -219.408157
386.012512 -219.308167
386.011444 -219.208176
386.010406 -219.108170
386.009369 -219.008179
386.008331 -218.908188
386.007263 -218.808197
386.006226 -218.708191
386.005188 -218.608200
386.004150 -218.508209
386.003082 -218.408218
386.002045 -218.308212
386.001007 -218.208221
385.999969 -218.108231
385.998932 -218.008240
385.997864 -217.908234
385.996826 -217.808243
385.995789 -217.708252
385.994751 -217.608261
385.993683 -217.508255
385.992645 -217.408264
385.991608 -217.308273
385.990570 -217.208282
385.989502 -217.108276
385.988464 -217.008286
385.987427 -216.908295
385.986389 -216.808304
385.985352 -216.708298
385.984283 -216.608307
385.983246 -216.508316
385.982208 -216.408325
385.981171 -216.308334
385.980103 -216.208328
385.979065 -216.108337
385.978027 -216.008347
385.976990 -215.908340
385.975922 -215.808350
385.974884 -215.708359
385.973846 -215.608368
385.972809 -215.508377
385.971741 -215.408371
385.970703 -215.308380
385.969666 -215.208389
385.968628 -215.108398
385.967590 -215.008392
385.966522 -214.908401
385.965485 -214.808411
385.964447 -214.708420
385.963409 -214.608414
385.962341 -214.508423
385.961304 -214.408432
385.960266 -214.308441
385.959229 -214.208435
385.958160 -214.108444
385.957123 -214.008453
385.956085 -213.908463
385.955048 -213.808456
385.953979 -213.708466
385.952942 -213.608475
385.951904 -213.508484
385.950867 -213.408493
385.949829 -213.308487
385.948761 -213.208496
385.947723 -213.108505
385.946686 -213.008499
385.945648 -212.908508
385.944580 -212.808517
385.943542 -212.708527
385.942505 -212.608536
385.941467 -212.508530
385.940399 -212.408539
385.939362 -212.308548
385.938324 -212.208557
385.937286 -212.108551
385.936249 -212.008560
385.935181 -211.908569
385.934143 -211.808578
385.933105 -211.708572
385.932068 -211.608582
385.931000 -211.508591
385.929962 -211.408600
385.928925 -211.308594
385.927887 -211.208603
385.926819 -211.108612
385.925781 -211.008621
385.924744 -210.908615
385.923706 -210.808624
385.922638 -210.708633
385.921600 -210.608643
385.920563 -210.508652
385.919525 -210.408646
385.918488 -210.308655
385.917419 -210.208664
385.916382 -210.108658
385.915344 -210.008667
385.914307 -209.908676
385.913239 -209.808685
385.912201 -209.708694
385.911163 -209.608688
385.910126 -209.508698
385.909058 -209.408707
385.908020 -209.308701
385.906982 -209.208710
385.905945 -209.108719
385.904907 -209.008728
385.903839 -208.908737
385.902802 -208.808731
385.901764 -208.708740
385.900726 -208.608749
385.899658 -208.508759
385.898621 -208.408752
385.897583 -208.308762
385.896545 -208.208771
385.895477 -208.108780
385.894440 -208.008774
385.893402 -207.908783
385.892365 -207.808792
385.891296 -207.708801
385.890259 -207.608795
385.889221 -207.508804
385.888184 -207.408813
385.887146 -207.308823
385.886078 -207.208817
385.885040 -207.108826
385.884003 -207.008835
385.882965 -206.908844
385.881897 -206.808853
385.880859 -206.708847
385.879822 -206.608856
385.878784 -206.508865
385.877716 -206.408859
385.876678 -206.308868
385.875641 -206.208878
385.874603 -206.108887
385.873535 -206.008896
385.872498 -205.908890
385.871460 -205.808899
385.870422 -205.708908
385.869385 -205.608917
385.868317 -205.508911
385.867279 -205.408920
385.866241 -205.308929
385.865204 -205.208939
385.864136 -205.108932
385.863098 -205.008942
385.862061 -204.908951
385.861023 -204.808960
385.859955 -204.708954
385.858917 -204.608963
385.857880 -204.508972
385.856842 -204.408981
385.855804 -204.308975
385.854736 -204.208984
385.853699 -204.108994
385.852661 -204.009003
385.851624 -203.909012
385.850555 -203.809006
385.849518 -203.709015
385.848480 -203.609024
385.847443 -203.509018
385.846375 -203.409027
385.845337 -203.309036
385.844299 -203.209045
385.843262 -203.109055
385.842194 -203.009048
385.841156 -202.909058
385.840118 -202.809067
385.839081 -202.709061
385.838043 -202.609070
385.836975 -202.509079
385.835938 -202.409088
385.834900 -202.309097
385.833862 -202.209091
385.832794 -202.109100
385.831757 -202.009109
385.830719 -201.909119
385.829681 -201.809113
385.828613 -201.709122
385.827576 -201.609131
385.826538 -201.509140
385.825500 -201.409134
385.824463 -201.309143
385.823395 -201.209152
385.822357 -201.109161
385.821320 -201.009155
385.820282 -200.909164
385.819214 -200.809174
385.818176 -200.709183
385.817139 -200.609177
385.816101 -200.509186
385.815033 -200.409195
385.813995 -200.309204
385.812958 -200.209213
385.811920 -200.109207
385.810852 -200.009216
385.809814 -199.909225
385.808777 -199.809219
385.807739 -199.709229
385.806702 -199.609238
385.805634 -199.509247
385.804596 -199.409256
385.803558 -199.309250
385.802521 -199.209259
385.801453 -199.109268
385.800415 -199.009262
385.799377 -198.909271
385.798340 -198.809280
385.797272 -198.709290
385.796234 -198.609299
385.795197 -198.509293
385.794159 -198.409302
385.793091 -198.309311
385.792053 -198.209320
385.791016 -198.109329
385.789978 -198.009323
385.788940 -197.909332
385.787872 -197.809341
385.786835 -197.709335
385.785797 -197.609344
385.784760 -197.509354
385.783691 -197.409363
385.782654 -197.309372
385.781616 -197.209366
385.780579 -197.109375
385.779510 -197.009384
385.778473 -196.909378
385.777435 -196.809387
385.776398 -196.709396
385.775360 -196.609406
385.774292 -196.509415
385.773254 -196.409409
385.772217 -196.309418
385.771179 -196.209427
385.770111 -196.109421
385.769073 -196.009430
385.768036 -195.909439
385.766998 -195.809448
385.765930 -195.709457
385.764893 -195.609451
385.763855 -195.509460
385.762817 -195.409470
385.761749 -195.309464
385.760712 -195.209473
385.759674 -195.109482
385.758636 -195.009491
385.757599 -194.909500
385.756531 -194.809494
385.755493 -194.709503
385.754456 -194.609512
385.753418 -194.509521
385.752350 -194.409531
385.751312 -194.309525
385.750275 -194.209534
385.749237 -194.109543
385.748169 -194.009537
385.747131 -193.909546
385.746094 -193.809555
385.745056 -193.709564
385.744019 -193.609573
385.742950 -193.509567
385.741913 -193.409576
385.740875 -193.309586
385.739838 -193.209579
385.738770 -193.109589
385.737732 -193.009598
385.736694 -192.909607
385.735657 -192.809616
385.734589 -192.709610
385.733551 -192.609619
385.732513 -192.509628
385.731476 -192.409622
385.730408 -192.309631
385.729370 -192.209641
385.728333 -192.109650
385.727295 -192.009659
385.726257 -191.909653
385.725189 -191.809662
385.724152 -191.709671
385.723114 -191.609680
385.722076 -191.509689
385.721008 -191.409683
385.719971 -191.309692
385.718933 -191.209702
385.717896 -191.109695
385.716827 -191.009705
385.715790 -190.909714
385.714752 -190.809723
385.713715 -190.709732
385.712646 -190.609726
385.711609 -190.509735
385.710571 -190.409744
385.709534 -190.309738
385.708496 -190.209747
385.707428 -190.109756
385.706390 -190.009766
385.705353 -189.909775
385.704315 -189.809769
385.703247 -189.709778
385.702209 -189.609787
385.701172 -189.509781
385.700134 -189.409790
385.699066 -189.309799
385.698029 -189.209808
385.696991 -189.109818
385.695953 -189.009811
385.694916 -188.909821
385.693848 -188.809830
385.692810 -188.709824
385.691772 -188.609833
385.690735 -188.509842
385.689667 -188.409851
385.688629 -188.309860
385.687592 -188.209854
385.686554 -188.109863
385.685486 -188.009872
385.684448 -187.909882
385.683411 -187.809891
385.682373 -187.709885
385.681305 -187.609894
385.680267 -187.509903
385.679230 -187.409897
385.678192 -187.309906
385.677155 -187.209915
385.676086 -187.109924
385.675049 -187.009933
385.674011 -186.909927
385.672974 -186.809937
385.671906 -186.709946
385.670868 -186.609940
385.669830 -186.509949
385.668793 -186.409958
385.667725 -186.309967
385.666687 -186.209976
385.665649 -186.109970
385.664612 -186.009979
385.663574 -185.909988
385.662506 -185.809982
385.661469 -185.709991
385.660431 -185.610001
385.659393 -185.510010
385.658325 -185.410019
385.657288 -185.310013
385.656250 -185.210022
385.655212 -185.110031
385.654144 -185.010040
385.653107 -184.910049
385.652069 -184.810043
385.651031 -184.710052
385.649963 -184.610062
385.648926 -184.510056
385.647888 -184.410065
385.646851 -184.310074
385.645813 -184.210083
385.644745 -184.110092
385.643707 -184.010086
385.642670 -183.910095
385.641632 -183.810104
385.640564 -183.710098
385.639526 -183.610107
385.638489 -183.510117
385.637451 -183.410126
385.636383 -183.310135
385.635345 -183.210129
385.634308 -183.110138
385.633270 -183.010147
385.632202 -182.910141
385.631165 -182.810150
385.630127 -182.710159
385.629089 -182.610168
385.628052 -182.510178
385.626984 -182.410172
385.625946 -182.310181
385.624908 -182.210190
385.623871 -182.110184
385.622803 -182.010208
385.621765 -181.910202
385.620728 -181.810211
385.619690 -181.710220
385.618622 -181.610214
385.617584 -181.510223
385.616547 -181.410233
385.615509 -181.310242
385.614471 -181.210251
385.613403 -181.110245
385.612366 -181.010254
385.611328 -180.910263
385.610291 -180.810257
385.609222 -180.710266
385.608185 -180.610275
385.607147 -180.510284
385.606110 -180.410294
385.605042 -180.310287
385.604004 -180.210297
385.602966 -180.110306
385.601929 -180.010300
385.600861 -179.910309
385.599823 -179.810318
385.598785 -179.710327
385.597748 -179.610336
385.596710 -179.510330
385.595642 -179.410339
385.594604 -179.310349
385.593567 -179.210342
385.592529 -179.110352
385.591461 -179.010361
385.590424 -178.910370
385.589386 -178.810379
385.588348 -178.710373
385.587280 -178.610382
385.586243 -178.510391
385.585205 -178.410400
385.584167 -178.310410
385.583130 -178.210403
385.582062 -178.110413
385.581024 -178.010422
385.579987 -177.910416
385.578949 -177.810425
385.577881 -177.710434
385.577332 -177.656036
