225.178223 -367.629913
225.075775 -367.630310
224.973328 -367.630768
224.870865 -367.631195
224.768433 -367.631653
224.665985 -367.632141
224.563538 -367.632660
224.461075 -367.633209
224.358643 -367.633728
224.256180 -367.634338
224.153732 -367.634918
224.051285 -367.635498
223.948853 -367.636139
223.846390 -367.636780
223.743958 -367.637482
223.641495 -367.638184
223.539047 -367.638885
223.436600 -367.639618
223.334152 -367.640350
223.233658 -367.641052
223.133667 -367.641815
223.033676 -367.642548
222.933670 -367.643311
222.833679 -367.644073
222.733673 -367.644806
222.633682 -367.645569
222.533691 -367.646301
222.433685 -367.647064
222.333694 -367.647827
222.233688 -367.648560
222.133698 -367.649323
222.033691 -367.650055
221.933701 -367.650818
221.833710 -367.651550
221.733704 -367.652313
221.633713 -367.653076
221.533707 -367.653809
221.433716 -367.654572
221.333725 -367.655304
221.233719 -367.656067
221.133728 -367.656830
221.033722 -367.657562
220.933731 -367.658325
220.833740 -367.659058
220.733734 -367.659821
220.633743 -367.660583
220.533737 -367.661316
220.433746 -367.662079
220.333740 -367.662811
220.233749 -367.663574
220.133759 -367.664307
220.033752 -367.665070
219.933762 -367.665833
219.833755 -367.666565
219.733765 -367.667328
219.633759 -367.668060
219.533768 -367.668823
219.433777 -367.669586
219.333771 -367.670319
219.233780 -367.671082
219.133774 -367.671814
219.033783 -367.672577
218.933792 -367.673340
218.833786 -367.674072
218.733795 -367.674835
218.633789 -367.675568
218.533798 -367.676331
218.433807 -367.677063
218.333801 -367.677826
218.233810 -367.678589
218.133804 -367.679321
218.033813 -367.680084
217.933807 -367.680817
217.833817 -367.681580
217.733826 -367.682343
217.633820 -367.683075
217.533829 -367.683838
217.433823 -367.684570
217.333832 -367.685333
217.233841 -367.686066
217.133835 -367.686829
217.033844 -367.687592
216.933838 -367.688324
216.833847 -367.689087
216.733841 -367.689819
216.633850 -367.690582
216.533859 -367.691345
216.433853 -367.692078
216.333862 -367.692841
216.233856 -367.693573
216.133865 -367.694336
216.033875 -367.695099
215.933868 -367.695831
215.833878 -367.696594
215.733871 -367.697327
215.633881 -367.698090
215.533875 -367.698822
215.433884 -367.699585
215.333893 -367.700348
215.233887 -367.701080
215.133896 -367.701843
215.033890 -367.702576
214.933899 -367.703339
214.833908 -367.704102
214.733902 -367.704834
214.633911 -367.705597
214.533905 -367.706329
214.433914 -367.707092
214.333908 -367.707855
214.233917 -367.708588
214.133926 -367.709351
214.033920 -367.710083
213.933929 -367.710846
213.833923 -367.711578
213.733932 -367.712341
213.633942 -367.713104
213.533936 -367.713837
213.433945 -367.714600
213.333939 -367.715332
213.233948 -367.716095
213.133942 -367.716858
213.033951 -367.717590
212.933960 -367.718353
212.833954 -367.719086
212.733963 -367.719849
212.633957 -367.720612
176.735031 -367.997009
